0 0.583056 0.323077 0.269103 0.133333
0 0.358804 0.423077 0.305648 0.097436
0 0.370432 0.502564 0.275748 0.133333
0 0.629568 0.430769 0.229236 0.092308
0 0.634551 0.482051 0.239203 0.061538
0 0.651163 0.523077 0.232558 0.061538
0 0.875415 0.771795 0.249169 0.405128
0 0.662791 0.661538 0.289037 0.153846
0 0.661130 0.741026 0.265781 0.076923
0 0.664452 0.797436 0.252492 0.056410
0 0.674419 0.843590 0.259136 0.046154
0 0.662791 0.882051 0.242525 0.051282
0 0.686047 0.943590 0.235880 0.071795
0 0.347176 0.597436 0.269103 0.087179
0 0.348837 0.669231 0.332226 0.107692
0 0.355482 0.735897 0.285714 0.087179
0 0.323920 0.807692 0.289037 0.117949
0 0.405316 0.874359 0.279070 0.148718
