4 0.433628 0.579365 0.132743 0.269841
4 0.597345 0.797619 0.212389 0.309524
4 0.741150 0.706349 0.269912 0.269841
4 0.860619 0.619048 0.199115 0.317460
4 0.904867 0.440476 0.119469 0.246032
4 0.701327 0.456349 0.199115 0.230159
4 0.798673 0.317460 0.146018 0.285714
4 0.630531 0.333333 0.137168 0.206349
4 0.506637 0.492063 0.163717 0.333333
4 0.382743 0.785714 0.207965 0.380952
4 0.482301 0.916667 0.203540 0.166667
4 0.212389 0.678571 0.141593 0.309524
4 0.334071 0.484127 0.190265 0.285714
4 0.141593 0.500000 0.221239 0.238095
4 0.210177 0.329365 0.199115 0.134921
4 0.387168 0.317460 0.154867 0.206349
4 0.491150 0.246032 0.141593 0.222222
4 0.608407 0.182540 0.110619 0.111111
4 0.692478 0.222222 0.101770 0.222222
4 0.455752 0.123016 0.141593 0.150794
4 0.347345 0.150794 0.146018 0.158730
4 0.245575 0.226190 0.066372 0.087302
