4 0.414163 0.090278 0.115880 0.166667
4 0.480687 0.197917 0.137339 0.243056
4 0.553648 0.128472 0.085837 0.131944
4 0.605150 0.239583 0.180258 0.229167
4 0.701717 0.253472 0.064378 0.187500
4 0.819742 0.267361 0.180258 0.173611
4 0.901288 0.461806 0.128755 0.270833
4 0.785408 0.392361 0.120172 0.187500
4 0.620172 0.465278 0.098712 0.305556
4 0.690987 0.371528 0.077253 0.145833
4 0.716738 0.545139 0.145923 0.229167
4 0.819742 0.590278 0.128755 0.236111
4 0.851931 0.802083 0.193133 0.284722
4 0.695279 0.805556 0.145923 0.277778
4 0.575107 0.767361 0.137339 0.326389
4 0.412017 0.784722 0.214592 0.250000
4 0.502146 0.531250 0.163090 0.312500
4 0.364807 0.618056 0.171674 0.222222
4 0.218884 0.687500 0.171674 0.277778
4 0.072961 0.434028 0.111588 0.229167
4 0.126609 0.510417 0.090129 0.229167
4 0.233906 0.447917 0.150215 0.243056
4 0.362661 0.350694 0.167382 0.326389
4 0.467811 0.347222 0.068670 0.166667
4 0.336910 0.152778 0.141631 0.125000
4 0.216738 0.295139 0.201717 0.201389
4 0.128755 0.253472 0.197425 0.159722
