4 0.483974 0.708333 0.083333 0.102941
4 0.567308 0.779412 0.057692 0.088235
4 0.621795 0.840686 0.057692 0.102941
4 0.661859 0.919118 0.080128 0.112745
4 0.431090 0.754902 0.073718 0.098039
4 0.503205 0.808824 0.070513 0.098039
4 0.557692 0.865196 0.070513 0.073529
4 0.371795 0.813725 0.089744 0.107843
4 0.442308 0.857843 0.051282 0.098039
4 0.485577 0.887255 0.067308 0.088235
4 0.530449 0.933824 0.048077 0.083333
4 0.605769 0.950980 0.141026 0.098039
4 0.320513 0.899510 0.083333 0.093137
4 0.403846 0.906863 0.076923 0.088235
4 0.461538 0.958333 0.096154 0.073529
4 0.365385 0.958333 0.102564 0.073529
4 0.269231 0.955882 0.083333 0.088235
4 0.209936 0.965686 0.092949 0.068627
