4 0.169550 0.520115 0.186851 0.293103
4 0.193772 0.568966 0.096886 0.206897
4 0.140138 0.721264 0.155709 0.201149
4 0.320069 0.689655 0.224913 0.379310
4 0.316609 0.422414 0.155709 0.189655
4 0.442907 0.640805 0.138408 0.304598
4 0.493080 0.750000 0.148789 0.281609
4 0.577855 0.698276 0.131488 0.281609
4 0.698962 0.715517 0.193772 0.258621
4 0.861592 0.649425 0.179931 0.310345
4 0.794118 0.531609 0.121107 0.166667
4 0.782007 0.445402 0.117647 0.143678
4 0.681661 0.568966 0.124567 0.183908
4 0.685121 0.482759 0.124567 0.160920
4 0.581315 0.497126 0.089965 0.132184
4 0.510381 0.474138 0.176471 0.281609
4 0.444637 0.571839 0.128028 0.155172
