2 0.298799 0.114108 0.105105 0.087137
2 0.426426 0.165975 0.132132 0.124481
2 0.558559 0.197095 0.132132 0.145228
2 0.695195 0.149378 0.111111 0.157676
2 0.603604 0.056017 0.096096 0.095436
2 0.842342 0.201245 0.099099 0.145228
2 0.466967 0.369295 0.105105 0.157676
2 0.292793 0.284232 0.105105 0.128631
2 0.572072 0.352697 0.099099 0.149378
2 0.644144 0.396266 0.129129 0.153527
2 0.698198 0.311203 0.135135 0.149378
2 0.785285 0.321577 0.087087 0.178423
2 0.887387 0.294606 0.099099 0.124481
2 0.866366 0.400415 0.087087 0.128631
2 0.758258 0.435685 0.081081 0.082988
2 0.797297 0.518672 0.129129 0.116183
2 0.707207 0.516598 0.141141 0.178423
2 0.705706 0.618257 0.174174 0.199170
2 0.840841 0.556017 0.132132 0.124481
2 0.878378 0.612033 0.165165 0.186722
2 0.501502 0.605809 0.210210 0.207469
2 0.264264 0.533195 0.138138 0.136929
2 0.348348 0.582988 0.114114 0.161826
2 0.229730 0.701245 0.075075 0.124481
2 0.342342 0.757261 0.138138 0.186722
2 0.465465 0.724066 0.108108 0.128631
2 0.596096 0.773859 0.147147 0.236515
2 0.686186 0.813278 0.123123 0.182573
2 0.812312 0.798755 0.117117 0.178423
2 0.890390 0.840249 0.069069 0.103734
2 0.855856 0.904564 0.114114 0.099585
2 0.465465 0.873444 0.180180 0.170124
2 0.528529 0.458506 0.174174 0.087137
2 0.363363 0.406639 0.102102 0.124481
