2 0.593633 0.865079 0.505618 0.269841
2 0.205993 0.859788 0.329588 0.280423
2 0.659176 0.722222 0.516854 0.449735
2 0.848315 0.833333 0.303371 0.333333
2 0.288390 0.611111 0.337079 0.248677
2 0.084270 0.629630 0.161049 0.264550
2 0.029963 0.883598 0.052434 0.232804
2 0.061798 0.402116 0.116105 0.201058
2 0.294007 0.399471 0.303371 0.216931
2 0.711610 0.407407 0.494382 0.285714
2 0.895131 0.669312 0.209738 0.428571
2 0.868914 0.187831 0.262172 0.227513
2 0.861423 0.362434 0.277154 0.291005
2 0.610487 0.208995 0.217228 0.259259
2 0.329588 0.195767 0.352060 0.296296
2 0.084270 0.301587 0.161049 0.380952
2 0.091760 0.058201 0.176030 0.105820
2 0.305243 0.039683 0.258427 0.068783
2 0.584270 0.071429 0.284644 0.132275
2 0.859551 0.047619 0.280899 0.084656
