2 0.501736 0.093117 0.218750 0.178138
2 0.718750 0.141700 0.208333 0.170040
2 0.746528 0.293522 0.194444 0.255061
2 0.565972 0.253036 0.201389 0.214575
2 0.295139 0.165992 0.180556 0.194332
2 0.210069 0.315789 0.218750 0.202429
2 0.157986 0.481781 0.184028 0.186235
2 0.309028 0.479757 0.152778 0.214575
2 0.475694 0.491903 0.194444 0.246964
2 0.557292 0.427126 0.170139 0.222672
2 0.736111 0.473684 0.187500 0.186235
2 0.907986 0.419028 0.149306 0.190283
2 0.847222 0.560729 0.159722 0.182186
2 0.819444 0.779352 0.180556 0.303644
2 0.657986 0.623482 0.184028 0.186235
2 0.168403 0.688259 0.225694 0.234818
2 0.333333 0.684211 0.159722 0.210526
2 0.446181 0.738866 0.184028 0.311741
2 0.605903 0.811741 0.218750 0.206478
2 0.315972 0.890688 0.263889 0.218623
2 0.513889 0.929150 0.201389 0.141700
2 0.727431 0.912955 0.225694 0.174089
