3 0.457447 0.260787 0.204255 0.224619
3 0.669149 0.498731 0.187234 0.230964
3 0.414362 0.780457 0.222340 0.253807
3 0.213298 0.487944 0.194681 0.234772
3 0.871277 0.266497 0.170213 0.208122
3 0.198404 0.684010 0.377660 0.624365
3 0.661702 0.696066 0.402128 0.607868
3 0.852660 0.848985 0.294681 0.302030
3 0.922340 0.824239 0.155319 0.250000
3 0.849468 0.432107 0.301064 0.541878
3 0.654787 0.197970 0.288298 0.393401
3 0.650000 0.071066 0.148936 0.137056
3 0.279255 0.067259 0.156383 0.126904
3 0.253723 0.201142 0.292553 0.394670
3 0.055319 0.231599 0.104255 0.204315
