3 0.622685 0.502604 0.415344 0.533978
3 0.523479 0.729043 0.205688 0.233879
3 0.148313 0.850198 0.291997 0.299603
3 0.085813 0.729663 0.120701 0.062500
3 0.506283 0.255704 0.122354 0.044147
3 0.402778 0.227679 0.191138 0.057044
3 0.400628 0.173239 0.184193 0.077629
3 0.404266 0.119668 0.194114 0.095982
3 0.419974 0.062624 0.179894 0.108879
3 0.205026 0.201761 0.281746 0.095982
3 0.197090 0.136533 0.283069 0.116319
3 0.174107 0.061632 0.346230 0.115327
3 0.241733 0.039807 0.265873 0.079117
3 0.582507 0.083085 0.110780 0.080853
3 0.578869 0.126240 0.097553 0.065972
3 0.569444 0.153770 0.084656 0.054067
3 0.576720 0.191964 0.090608 0.050595
3 0.578208 0.223834 0.093585 0.040923
