3 0.551257 0.437252 0.362434 0.763393
3 0.269015 0.221106 0.168320 0.376240
3 0.364583 0.231399 0.126653 0.347222
3 0.073909 0.257812 0.147156 0.358879
3 0.165509 0.262649 0.153770 0.310516
3 0.130291 0.129464 0.057540 0.035714
3 0.031085 0.094494 0.051587 0.030258
3 0.256118 0.051835 0.079034 0.031250
3 0.333829 0.082589 0.053241 0.023810
3 0.424272 0.207713 0.087963 0.239335
3 0.490410 0.172123 0.076058 0.125000
3 0.125331 0.745164 0.173942 0.289931
3 0.308532 0.622768 0.126323 0.323413
3 0.340278 0.914931 0.123677 0.170139
3 0.411706 0.896577 0.087963 0.206845
