3 0.558697 0.512525 0.290675 0.697173
3 0.140377 0.334945 0.103505 0.269593
3 0.204365 0.342014 0.064815 0.229663
3 0.253968 0.359747 0.063492 0.207093
3 0.305060 0.369420 0.053241 0.176835
3 0.059854 0.677827 0.100529 0.302083
3 0.121693 0.655630 0.083333 0.264137
3 0.164848 0.631944 0.063161 0.240575
3 0.200728 0.616939 0.054894 0.220982
3 0.226521 0.600198 0.048942 0.204861
3 0.156250 0.899430 0.069114 0.195188
3 0.194940 0.878968 0.054563 0.184524
3 0.207672 0.840650 0.054233 0.174851
3 0.336640 0.385169 0.023810 0.141865
3 0.276951 0.583085 0.051918 0.176587
3 0.307705 0.561384 0.039352 0.159970
3 0.240245 0.812748 0.050595 0.166171
3 0.259590 0.783730 0.045635 0.148313
