3 0.435638 0.854695 0.143617 0.143401
3 0.879255 0.765228 0.126596 0.355330
3 0.660106 0.647843 0.122340 0.503807
3 0.419681 0.734772 0.239362 0.241117
3 0.207447 0.647208 0.108511 0.472081
3 0.063298 0.820431 0.120213 0.153553
3 0.048404 0.694162 0.094681 0.350254
3 0.517553 0.569162 0.171277 0.450508
3 0.769681 0.495558 0.150000 0.640863
3 0.967021 0.638325 0.065957 0.489848
3 0.869149 0.510787 0.125532 0.582487
3 0.657447 0.443528 0.134043 0.750000
3 0.294149 0.432741 0.128723 0.639594
3 0.176064 0.475888 0.141489 0.725888
3 0.456383 0.397208 0.136170 0.538071
