3 0.493717 0.382068 0.173280 0.303323
3 0.181548 0.097842 0.065476 0.123264
3 0.123512 0.096974 0.058532 0.125000
3 0.136409 0.019593 0.044643 0.028274
3 0.064153 0.093130 0.062831 0.125744
3 0.158399 0.271701 0.094577 0.115823
3 0.359954 0.098958 0.097553 0.055556
3 0.357970 0.146577 0.093585 0.039683
3 0.267196 0.142857 0.089286 0.042659
3 0.271825 0.099826 0.101190 0.054812
3 0.272652 0.054812 0.090939 0.057044
3 0.270007 0.019965 0.086971 0.036954
3 0.437169 0.062004 0.098545 0.053075
3 0.444114 0.110739 0.093915 0.055804
3 0.447090 0.149678 0.090608 0.041419
3 0.525298 0.057912 0.097553 0.058780
3 0.532242 0.109251 0.092923 0.055308
3 0.531085 0.154018 0.084656 0.039683
3 0.726025 0.069816 0.083664 0.055804
3 0.722222 0.118304 0.076058 0.053571
3 0.720073 0.163566 0.087632 0.039435
3 0.911376 0.086062 0.089947 0.049107
3 0.891204 0.131076 0.079365 0.047867
3 0.887897 0.170139 0.084656 0.036210
3 0.835483 0.082837 0.059854 0.055556
3 0.828704 0.125868 0.056878 0.047867
3 0.824074 0.166171 0.047619 0.034226
3 0.601025 0.289187 0.078373 0.049603
3 0.339451 0.253224 0.087632 0.032738
3 0.252149 0.249132 0.086971 0.030506
3 0.337632 0.280630 0.083995 0.032490
3 0.336806 0.306300 0.085648 0.029266
3 0.249835 0.301091 0.083664 0.031746
3 0.336144 0.327629 0.082341 0.022321
3 0.252976 0.323909 0.083995 0.031250
3 0.072255 0.269717 0.090278 0.117808
3 0.423776 0.241195 0.096230 0.054812
3 0.519015 0.242560 0.082341 0.048611
3 0.170304 0.427703 0.095238 0.122272
3 0.175761 0.531622 0.096892 0.101438
3 0.153274 0.600446 0.078373 0.056052
3 0.118717 0.633433 0.084656 0.063988
3 0.121032 0.673735 0.085979 0.055804
