3 0.152128 0.831853 0.112766 0.057107
3 0.268085 0.618020 0.104255 0.116751
3 0.364894 0.617386 0.100000 0.105330
3 0.460106 0.838198 0.209574 0.145939
3 0.714894 0.572335 0.265957 0.228426
3 0.851596 0.871827 0.279787 0.182741
3 0.529787 0.167513 0.097872 0.091371
3 0.747872 0.182107 0.068085 0.087563
3 0.651064 0.251269 0.144681 0.126904
3 0.515957 0.407360 0.168085 0.185279
3 0.444681 0.571066 0.272340 0.261421
3 0.207979 0.132614 0.107447 0.128173
3 0.115957 0.878173 0.134043 0.083756
3 0.190957 0.939086 0.079787 0.121827
3 0.222340 0.872462 0.078723 0.095178
3 0.076596 0.945431 0.146809 0.109137
3 0.502660 0.936548 0.232979 0.126904
3 0.877128 0.748096 0.096809 0.105330
3 0.844149 0.737310 0.088298 0.083756
3 0.744149 0.766497 0.084043 0.098985
3 0.796809 0.776015 0.074468 0.087563
3 0.811702 0.726523 0.080851 0.107868
3 0.125532 0.559645 0.082979 0.078680
3 0.651596 0.444162 0.090426 0.109137
3 0.381915 0.243020 0.106383 0.110406
3 0.068617 0.130076 0.132979 0.120558
3 0.222340 0.043147 0.110638 0.081218
