3 0.511170 0.531726 0.215957 0.365482
3 0.740426 0.296320 0.268085 0.265228
3 0.762234 0.553299 0.198936 0.340102
3 0.174468 0.522843 0.223404 0.335025
3 0.320213 0.234137 0.289362 0.237310
3 0.343085 0.848985 0.224468 0.302030
3 0.745745 0.887056 0.217021 0.225888
3 0.920213 0.735406 0.159574 0.331218
3 0.145745 0.350254 0.144681 0.279188
3 0.118085 0.105964 0.191489 0.209391
3 0.533511 0.149746 0.171277 0.251269
3 0.679255 0.126269 0.186170 0.229695
3 0.817553 0.183376 0.143617 0.201777
3 0.897340 0.405457 0.205319 0.282995
3 0.604255 0.743655 0.225532 0.271574
