3 0.295635 0.328497 0.264550 0.189732
3 0.141700 0.090526 0.054563 0.100694
3 0.196429 0.092138 0.053571 0.104911
3 0.247685 0.097098 0.050265 0.100446
3 0.300926 0.101190 0.050926 0.097718
3 0.354993 0.103051 0.055225 0.099950
3 0.451224 0.070312 0.092923 0.061756
3 0.438327 0.107267 0.088294 0.045387
3 0.528935 0.109251 0.087632 0.048363
3 0.436177 0.139013 0.094577 0.035466
3 0.703869 0.121900 0.083003 0.046875
3 0.560847 0.251612 0.082672 0.051835
3 0.560185 0.295883 0.078704 0.046131
3 0.559358 0.334201 0.071759 0.039435
3 0.476190 0.334449 0.094577 0.031994
3 0.379464 0.243056 0.095569 0.053075
3 0.140708 0.194320 0.072421 0.049851
3 0.142030 0.236607 0.075066 0.048115
3 0.140873 0.278770 0.070767 0.052083
3 0.139881 0.319072 0.067460 0.041419
3 0.458499 0.452257 0.081680 0.052827
3 0.455357 0.488715 0.083333 0.039931
3 0.400959 0.413814 0.052579 0.044891
3 0.392857 0.456349 0.049603 0.040179
3 0.393188 0.491071 0.044974 0.039683
3 0.189319 0.423983 0.064484 0.029018
3 0.188492 0.446925 0.078704 0.028770
3 0.191303 0.471974 0.082341 0.030754
3 0.196098 0.494296 0.084656 0.020833
3 0.665179 0.264385 0.065146 0.048115
3 0.661210 0.303695 0.059193 0.041419
3 0.658730 0.339410 0.056217 0.032986
3 0.737434 0.267361 0.087302 0.040675
3 0.726852 0.305308 0.066138 0.038194
3 0.725860 0.339410 0.070106 0.035962
