3 0.806944 0.679167 0.386111 0.034259
3 0.444444 0.375463 0.511111 0.276852
3 0.276852 0.162500 0.507407 0.115741
3 0.419444 0.695833 0.629630 0.504630
3 0.365278 0.078704 0.339815 0.075926
3 0.573611 0.135648 0.199074 0.206481
3 0.835185 0.124537 0.307407 0.241667
3 0.840741 0.386111 0.318519 0.501852
3 0.794444 0.832407 0.407407 0.229630
3 0.083796 0.720370 0.163889 0.062963
3 0.082407 0.818056 0.148148 0.178704
3 0.104630 0.457407 0.181481 0.175926
3 0.341204 0.402315 0.402778 0.399074
3 0.043519 0.624074 0.079630 0.157407
