3 0.338298 0.595812 0.146809 0.097716
3 0.662234 0.564721 0.145745 0.081218
3 0.800000 0.640228 0.146809 0.087563
3 0.571277 0.477157 0.121277 0.078680
3 0.372340 0.526650 0.129787 0.081218
3 0.065426 0.563452 0.122340 0.096447
3 0.142553 0.486675 0.134043 0.072335
3 0.853723 0.509518 0.124468 0.079949
3 0.970213 0.586294 0.059574 0.098985
3 0.314894 0.431472 0.121277 0.078680
3 0.339362 0.776015 0.361702 0.447970
3 0.620745 0.756345 0.243617 0.484772
3 0.800532 0.797589 0.379787 0.404822
3 0.934574 0.746827 0.130851 0.414975
3 0.105319 0.756980 0.202128 0.486041
3 0.106383 0.366117 0.114894 0.069797
3 0.104787 0.428934 0.162766 0.190355
3 0.429787 0.380076 0.119149 0.087563
3 0.638830 0.420685 0.120213 0.082487
3 0.876064 0.362310 0.120213 0.069797
3 0.956915 0.422589 0.084043 0.083756
