3 0.681383 0.677665 0.239362 0.446701
3 0.587234 0.063452 0.065957 0.091371
3 0.262766 0.833756 0.059574 0.076142
3 0.252128 0.467640 0.153191 0.176396
3 0.804255 0.230964 0.119149 0.175127
3 0.709043 0.349619 0.098936 0.138325
3 0.154255 0.241117 0.180851 0.172589
3 0.392021 0.148477 0.198936 0.172589
3 0.444681 0.422589 0.202128 0.294416
3 0.472872 0.312183 0.086170 0.124365
3 0.171809 0.890863 0.237234 0.218274
3 0.242021 0.732868 0.179787 0.227157
3 0.517021 0.791878 0.191489 0.416244
3 0.727128 0.968274 0.096809 0.063452
3 0.673404 0.948604 0.110638 0.102792
3 0.875000 0.826142 0.126596 0.159898
3 0.902128 0.614848 0.117021 0.166244
3 0.961702 0.846447 0.076596 0.147208
3 0.885638 0.942259 0.228723 0.115482
3 0.121809 0.580584 0.241489 0.387056
3 0.078723 0.421954 0.151064 0.158629
3 0.295213 0.223350 0.105319 0.142132
3 0.321809 0.336294 0.064894 0.114213
3 0.940426 0.166244 0.065957 0.175127
3 0.917553 0.259518 0.107447 0.123096
3 0.823936 0.379442 0.311702 0.317259
3 0.967021 0.357868 0.065957 0.162437
3 0.181915 0.095178 0.229787 0.142132
3 0.285106 0.115482 0.070213 0.083756
