3 0.401596 0.210025 0.284043 0.272843
3 0.725532 0.737944 0.240426 0.295685
3 0.737234 0.494289 0.355319 0.184010
3 0.890957 0.324239 0.188298 0.158629
3 0.730851 0.176396 0.110638 0.111675
3 0.605319 0.259518 0.129787 0.130711
3 0.145745 0.473350 0.093617 0.101523
3 0.441489 0.446066 0.382979 0.496193
3 0.448936 0.874365 0.259574 0.251269
3 0.143085 0.605330 0.284043 0.411168
3 0.098404 0.269670 0.158511 0.298223
3 0.147340 0.148477 0.292553 0.291878
3 0.875000 0.643401 0.130851 0.187817
3 0.854787 0.835660 0.290426 0.328680
3 0.947872 0.505711 0.100000 0.348985
3 0.865957 0.193528 0.159574 0.209391
3 0.882979 0.105964 0.234043 0.209391
3 0.211170 0.784898 0.403191 0.430203
