3 0.532077 0.418527 0.248677 0.574653
3 0.526455 0.160218 0.148148 0.049603
3 0.189319 0.149430 0.129299 0.243800
3 0.406415 0.175843 0.123677 0.238095
3 0.284722 0.165675 0.099206 0.224206
3 0.046627 0.128224 0.092593 0.255952
3 0.033730 0.419643 0.066799 0.229663
3 0.130291 0.423363 0.140873 0.241567
3 0.254795 0.427083 0.127976 0.236111
3 0.358962 0.423859 0.103505 0.223214
3 0.036045 0.678323 0.067460 0.212302
3 0.123843 0.668651 0.119378 0.205853
3 0.222884 0.645461 0.107804 0.189732
3 0.329530 0.641121 0.110780 0.193948
3 0.321429 0.839534 0.123677 0.146825
3 0.347388 0.886905 0.129299 0.148810
3 0.391865 0.932168 0.123677 0.135665
