3 0.421462 0.432168 0.279431 0.554812
3 0.032903 0.196677 0.063161 0.264385
3 0.069940 0.221478 0.071098 0.237599
3 0.102017 0.252604 0.063161 0.212550
3 0.220734 0.331225 0.074405 0.165427
3 0.042328 0.529266 0.080026 0.319444
3 0.085483 0.527778 0.078373 0.271329
3 0.135086 0.530382 0.063161 0.254216
3 0.175099 0.532986 0.065146 0.209821
3 0.217758 0.533358 0.055886 0.195188
3 0.041336 0.867063 0.078042 0.262897
3 0.081019 0.849826 0.093254 0.279514
3 0.118056 0.818948 0.077381 0.243552
3 0.169643 0.803199 0.072090 0.234375
3 0.216601 0.771701 0.068122 0.222470
3 0.150298 0.288070 0.063161 0.177827
