3 0.271277 0.583122 0.097872 0.110406
3 0.386702 0.579949 0.090426 0.101523
3 0.372872 0.477157 0.060638 0.071066
3 0.436170 0.676396 0.068085 0.078680
3 0.640426 0.643401 0.068085 0.098985
3 0.713298 0.807107 0.115957 0.126904
3 0.888830 0.722081 0.118085 0.157360
3 0.418617 0.238579 0.086170 0.083756
3 0.155319 0.644036 0.059574 0.054569
3 0.148936 0.722081 0.048936 0.068528
3 0.082979 0.560914 0.053191 0.053299
3 0.126596 0.223350 0.059574 0.076142
3 0.494149 0.157360 0.075532 0.096447
3 0.533511 0.842640 0.111702 0.139594
3 0.448404 0.840736 0.079787 0.123096
3 0.607447 0.890228 0.059574 0.079949
3 0.663830 0.876904 0.068085 0.086294
3 0.625000 0.834391 0.067021 0.077411
3 0.756383 0.898477 0.042553 0.058376
3 0.794149 0.859772 0.047872 0.082487
3 0.868085 0.833756 0.076596 0.073604
3 0.928191 0.878807 0.075532 0.082487
3 0.293085 0.862944 0.077660 0.098985
3 0.215957 0.835025 0.082979 0.101523
3 0.063830 0.817893 0.068085 0.077411
3 0.079255 0.735406 0.075532 0.072335
3 0.108511 0.673223 0.065957 0.077411
3 0.069149 0.689721 0.053191 0.064721
3 0.065426 0.644670 0.060638 0.058376
3 0.150532 0.583756 0.058511 0.065990
3 0.202128 0.605964 0.055319 0.069797
3 0.215957 0.661168 0.072340 0.071066
3 0.210106 0.736675 0.067021 0.085025
3 0.270213 0.748096 0.063830 0.090102
3 0.312766 0.704949 0.072340 0.085025
3 0.387766 0.732234 0.075532 0.091371
3 0.376596 0.842640 0.085106 0.093909
3 0.426064 0.918147 0.067021 0.077411
3 0.484043 0.922589 0.048936 0.065990
3 0.456915 0.741117 0.058511 0.073604
3 0.514894 0.774112 0.085106 0.083756
3 0.571809 0.759518 0.050000 0.072335
3 0.603723 0.782995 0.035106 0.073604
3 0.630319 0.777919 0.052128 0.058376
3 0.627128 0.836294 0.054255 0.078680
3 0.672340 0.737310 0.065957 0.078680
3 0.736702 0.708756 0.067021 0.082487
3 0.789894 0.736041 0.028723 0.076142
3 0.752660 0.633249 0.071277 0.093909
3 0.844149 0.578680 0.052128 0.083756
3 0.806383 0.516497 0.068085 0.106599
3 0.018085 0.606599 0.034043 0.068528
3 0.023936 0.809010 0.045745 0.082487
3 0.307979 0.487944 0.045745 0.064721
3 0.119681 0.295685 0.060638 0.068528
3 0.185638 0.212563 0.062766 0.067259
3 0.225000 0.160533 0.054255 0.059645
3 0.063298 0.239848 0.062766 0.065990
3 0.058511 0.348350 0.055319 0.072335
3 0.108511 0.341371 0.051064 0.060914
3 0.035638 0.192893 0.067021 0.076142
3 0.102128 0.175127 0.061702 0.063452
3 0.056915 0.140228 0.052128 0.052030
3 0.159574 0.117386 0.055319 0.059645
3 0.322340 0.121827 0.076596 0.086294
3 0.303191 0.199239 0.063830 0.068528
3 0.281383 0.314086 0.064894 0.082487
3 0.341489 0.333122 0.053191 0.057107
3 0.394149 0.350254 0.056383 0.071066
3 0.338830 0.291244 0.073404 0.062183
3 0.672872 0.480330 0.060638 0.077411
3 0.667553 0.546320 0.060638 0.057107
3 0.615426 0.583122 0.054255 0.046954
3 0.543085 0.561548 0.052128 0.069797
3 0.494149 0.517132 0.067021 0.067259
3 0.485638 0.541878 0.058511 0.060914
3 0.561170 0.463832 0.064894 0.064721
3 0.425000 0.428934 0.060638 0.065990
3 0.231383 0.502538 0.052128 0.083756
3 0.179255 0.524112 0.062766 0.055838
3 0.194681 0.460660 0.055319 0.035533
3 0.234574 0.428934 0.047872 0.068528
3 0.317553 0.383883 0.069149 0.044416
3 0.464362 0.390863 0.054255 0.071066
3 0.516489 0.413706 0.056383 0.063452
3 0.600532 0.418147 0.058511 0.074873
3 0.730319 0.331853 0.079787 0.087563
3 0.727660 0.438452 0.061702 0.062183
3 0.774468 0.437817 0.042553 0.081218
3 0.541489 0.334391 0.057447 0.067259
3 0.777660 0.237944 0.065957 0.057107
3 0.802660 0.151015 0.060638 0.068528
3 0.800000 0.066624 0.051064 0.059645
3 0.731383 0.112310 0.064894 0.067259
3 0.438298 0.116751 0.074468 0.098985
3 0.518617 0.089467 0.045745 0.062183
3 0.253191 0.039975 0.053191 0.067259
3 0.215957 0.378173 0.065957 0.073604
3 0.090426 0.467640 0.078723 0.087563
