3 0.320767 0.429191 0.312169 0.727927
3 0.347222 0.101438 0.132275 0.067956
3 0.908896 0.440600 0.055886 0.170387
3 0.956349 0.443204 0.050265 0.180060
3 0.982143 0.442212 0.035714 0.162698
3 0.916171 0.709077 0.070437 0.181052
3 0.960648 0.719866 0.067460 0.181300
3 0.959821 0.950025 0.080357 0.099950
3 0.630622 0.275050 0.060185 0.113095
3 0.593585 0.283358 0.036376 0.109375
3 0.669643 0.271701 0.035053 0.098958
3 0.694444 0.262525 0.033069 0.102927
3 0.723545 0.252976 0.044312 0.107639
3 0.574074 0.290675 0.029762 0.104167
3 0.538194 0.306300 0.033399 0.097718
3 0.611111 0.446181 0.027116 0.091766
3 0.631283 0.444816 0.033069 0.095486
3 0.650628 0.445188 0.031415 0.098214
3 0.682374 0.446553 0.038029 0.109871
