3 0.352590 0.459325 0.131474 0.180556
3 0.499336 0.505952 0.111554 0.142857
3 0.437583 0.228175 0.391766 0.353175
3 0.683267 0.131944 0.179283 0.168651
3 0.893094 0.612103 0.213811 0.486111
3 0.737716 0.739087 0.216467 0.363095
3 0.718459 0.473214 0.414343 0.216270
3 0.269588 0.510913 0.366534 0.525794
3 0.273572 0.917659 0.241700 0.164683
3 0.590969 0.741071 0.262948 0.438492
3 0.066401 0.847222 0.130146 0.305556
3 0.739708 0.307540 0.217795 0.130952
3 0.894422 0.419643 0.043825 0.097222
3 0.222444 0.562500 0.128818 0.168651
3 0.194555 0.815476 0.158035 0.369048
3 0.339309 0.764881 0.282869 0.470238
3 0.223772 0.108135 0.229748 0.204365
