3 0.513724 0.476811 0.331680 0.550347
3 0.252480 0.601314 0.126653 0.196181
3 0.133763 0.092138 0.148479 0.182292
3 0.264220 0.098338 0.146164 0.196181
3 0.381779 0.103671 0.100198 0.205357
3 0.485119 0.105655 0.137566 0.205853
3 0.624504 0.111607 0.145172 0.219246
3 0.129299 0.594990 0.117725 0.165179
3 0.343254 0.599330 0.084656 0.192212
3 0.033399 0.623264 0.062831 0.211310
3 0.617890 0.863715 0.115410 0.136161
3 0.579530 0.827381 0.133929 0.162698
3 0.079200 0.935268 0.151786 0.105159
3 0.042659 0.906126 0.064815 0.044395
3 0.632440 0.814236 0.050595 0.032242
3 0.597553 0.762897 0.046958 0.028770
3 0.487930 0.234499 0.120040 0.043899
