3 0.461806 0.235491 0.298611 0.150050
3 0.347222 0.086930 0.048942 0.088542
3 0.390708 0.083333 0.040675 0.088790
3 0.433697 0.082465 0.041997 0.087054
3 0.479497 0.083457 0.042989 0.090030
3 0.527447 0.079737 0.046958 0.087054
3 0.604828 0.039311 0.081349 0.047867
3 0.597388 0.075397 0.077712 0.039187
3 0.599702 0.107391 0.082341 0.031746
3 0.684854 0.073289 0.084656 0.039931
3 0.682374 0.107639 0.083003 0.031250
3 0.800595 0.210813 0.079365 0.049603
3 0.883598 0.210813 0.072751 0.042659
3 0.869709 0.246900 0.074735 0.038442
3 0.869709 0.278522 0.071429 0.028274
3 0.796296 0.278026 0.081349 0.032738
3 0.223876 0.250372 0.051587 0.093006
3 0.270337 0.251240 0.050595 0.094742
3 0.237765 0.189236 0.033069 0.024802
3 0.159226 0.191220 0.036045 0.025298
3 0.181052 0.383681 0.077050 0.098710
3 0.254134 0.387649 0.083003 0.102183
