3 0.246277 0.737310 0.158511 0.319797
3 0.410106 0.850888 0.250000 0.298223
3 0.656915 0.864848 0.239362 0.242386
3 0.556915 0.776650 0.081915 0.159898
3 0.792553 0.740482 0.097872 0.305838
3 0.081915 0.678299 0.091489 0.184010
3 0.129255 0.882614 0.098936 0.062183
3 0.562766 0.681472 0.053191 0.032995
3 0.621277 0.716371 0.074468 0.077411
3 0.701064 0.704949 0.085106 0.074873
3 0.526596 0.511421 0.112766 0.192893
3 0.079255 0.793782 0.043617 0.031726
3 0.096809 0.818528 0.048936 0.038071
3 0.102128 0.842640 0.048936 0.040609
3 0.075000 0.917513 0.069149 0.162437
3 0.117021 0.932741 0.108511 0.134518
3 0.655851 0.641497 0.069149 0.074873
3 0.703191 0.634518 0.046809 0.068528
3 0.627128 0.625635 0.047872 0.081218
3 0.534574 0.666244 0.067021 0.088832
3 0.484574 0.690990 0.077660 0.115482
3 0.425532 0.747462 0.146809 0.170051
3 0.351596 0.629442 0.050000 0.068528
3 0.333511 0.720812 0.069149 0.124365
