3 0.570213 0.230964 0.108511 0.355330
3 0.667021 0.234137 0.089362 0.323604
3 0.223936 0.219543 0.092553 0.340102
3 0.132979 0.203046 0.106383 0.337563
3 0.151596 0.517132 0.164894 0.229695
3 0.129787 0.836929 0.246809 0.100254
3 0.176596 0.798858 0.257447 0.039340
3 0.416489 0.584391 0.171277 0.214467
3 0.788830 0.394670 0.130851 0.170051
3 0.125532 0.407360 0.072340 0.111675
3 0.217021 0.406726 0.040426 0.062183
3 0.436170 0.842640 0.334043 0.073604
3 0.186702 0.752538 0.245745 0.068528
3 0.360638 0.153553 0.025532 0.116751
3 0.338298 0.242386 0.025532 0.269036
3 0.320745 0.237944 0.032979 0.252538
3 0.385638 0.210025 0.032979 0.229695
3 0.029255 0.755076 0.056383 0.203046
3 0.067021 0.766497 0.091489 0.203046
3 0.116489 0.770305 0.141489 0.210660
3 0.167021 0.735406 0.176596 0.100254
3 0.344681 0.792513 0.136170 0.201777
3 0.370213 0.794416 0.151064 0.210660
3 0.410106 0.748096 0.132979 0.105330
3 0.419149 0.755076 0.151064 0.093909
3 0.457447 0.758249 0.229787 0.100254
