3 0.450532 0.303934 0.096809 0.085025
3 0.423404 0.456853 0.093617 0.096447
3 0.819681 0.378807 0.073404 0.079949
3 0.728191 0.480964 0.079787 0.078680
3 0.203723 0.387056 0.088298 0.086294
3 0.245213 0.519670 0.092553 0.077411
3 0.310638 0.442893 0.065957 0.065990
3 0.536702 0.434645 0.067021 0.057107
3 0.625532 0.441624 0.068085 0.071066
3 0.740957 0.367386 0.062766 0.062183
3 0.864894 0.478426 0.080851 0.076142
3 0.971277 0.450508 0.057447 0.071066
3 0.027660 0.384518 0.053191 0.093909
3 0.095213 0.463198 0.179787 0.256345
3 0.193085 0.467005 0.122340 0.258883
3 0.310638 0.496827 0.117021 0.184010
3 0.420213 0.497462 0.104255 0.187817
3 0.442021 0.421320 0.122340 0.319797
3 0.532447 0.498096 0.124468 0.184010
3 0.634043 0.499365 0.095745 0.178934
3 0.707447 0.508883 0.125532 0.142132
3 0.790957 0.457487 0.132979 0.234772
3 0.841489 0.509518 0.117021 0.145939
3 0.926064 0.472081 0.054255 0.065990
