3 0.445271 0.495164 0.376653 0.904514
3 0.447421 0.095982 0.165344 0.087302
3 0.683201 0.328373 0.116402 0.304067
3 0.763558 0.326885 0.122354 0.328869
3 0.865079 0.321925 0.164021 0.364583
3 0.961971 0.340402 0.076058 0.368800
3 0.707507 0.197421 0.076389 0.029266
3 0.783896 0.183904 0.070437 0.034474
3 0.901620 0.159722 0.079034 0.035714
3 0.973545 0.898313 0.052910 0.194940
3 0.910218 0.864831 0.142526 0.270337
3 0.805390 0.846974 0.119378 0.306052
3 0.705357 0.799603 0.115079 0.304067
3 0.650628 0.765749 0.086310 0.264137
3 0.652116 0.651910 0.057540 0.038938
3 0.719081 0.677827 0.076389 0.051587
3 0.827712 0.716642 0.083333 0.053819
3 0.932705 0.758061 0.103505 0.059276
3 0.905919 0.691840 0.070437 0.047371
3 0.813823 0.665923 0.073413 0.032242
3 0.744874 0.647073 0.067791 0.031250
3 0.815476 0.633061 0.067460 0.033482
3 0.880787 0.656250 0.069114 0.038690
3 0.972057 0.678943 0.055886 0.045387
3 0.951224 0.641741 0.077712 0.029018
3 0.884425 0.624380 0.064484 0.029018
3 0.176422 0.564608 0.103505 0.172371
3 0.173280 0.918279 0.115079 0.142113
3 0.271825 0.913442 0.099206 0.124008
