3 0.463955 0.425471 0.133598 0.243304
3 0.114418 0.206845 0.054894 0.149802
3 0.139385 0.223834 0.038690 0.142609
3 0.177083 0.245164 0.047950 0.128720
3 0.051257 0.406622 0.065476 0.185268
3 0.080853 0.412202 0.053902 0.176587
3 0.108300 0.414807 0.048611 0.160962
3 0.147817 0.417907 0.050926 0.146329
3 0.272817 0.409474 0.083995 0.134425
3 0.275959 0.607391 0.054563 0.133433
3 0.271660 0.744916 0.052579 0.137153
3 0.291005 0.844990 0.061508 0.149306
3 0.027612 0.662450 0.054563 0.191468
3 0.056713 0.649802 0.059193 0.181052
3 0.086475 0.640005 0.049272 0.167411
3 0.110946 0.628224 0.044643 0.155258
3 0.137070 0.620040 0.045966 0.145833
3 0.031415 0.907366 0.060847 0.185268
3 0.058201 0.883929 0.062169 0.183532
3 0.083995 0.858259 0.056878 0.167907
3 0.109458 0.837798 0.052249 0.162698
3 0.135913 0.817088 0.043651 0.154514
3 0.155919 0.799107 0.045304 0.141865
